#the "H"
0427120015
0428120015
0429120015
0430120015
0501120015
0506120015
0511120015
0512120015
0513120015
0514120015
0515120015
#the "I"
0525120015
0526120015
0527120015
0528120015
0529120015
#the "R"
0608120015
0609120015
0610120015
0611120015
0612120015
0615120015
0617120015
0623120015
0625120015
0626120015
#the "E"
0706120015
0707120015
0708120015
0709120015
0710120015
0713120015
0715120015
0717120015
#the “M”
0803120015
0804120015
0805120015
0806120015
0807120015
0811120015
0819120015
0825120015
0831120015
0901120015
0902120015
0903120015
0904120015
#the “E”
0914120015
0915120015
0916120015
0917120015
0918120015
0921120015
0923120015
0925120015
